Ketcher  9282116442D 1   1.00000     0.00000     0

6  6  0  0  0  0            999 V2000
9.5500  -11.7000    0.0000 C   0  0  0  0  0  0  0  0  0  0  0  0
10.4160  -12.2000    0.0000 C   0  0  0  0  0  0  0  0  0  0  0  0      
10.4160  -13.2000    0.0000 C   0  0  0  0  0  0  0  0  0  0  0  0
9.5500  -13.7000    0.0000 C   0  0  0  0  0  0  0  0  0  0  0  0
8.6840  -13.2000    0.0000 C   0  0  0  0  0  0  0  0  0  0  0  0
8.6840  -12.2000    0.0000 C   0  0  0  0  0  0  0  0  0  0  0  0
1  2  1  0     0  0  
2  3  1  0     0  0  
3  4  1  0     0  0  
4  5  1  0     0  0  
5  6  1  0     0  0  
6  1  1  0     0  0
M  END